ENGINE_RPM,VEHICLE_SPEED,THROTTLE,ENGINE_LOAD,COOLANT_TEMPERATURE,INTAKE_MANIFOLD_PRESSURE,SHORT_TERM_FUEL_TRIM_BANK_1,LONG_TERM_FUEL_TRIM_BANK_1
1.0000,0.4346,0.2240,-0.1630,0.2633,-0.1930,-0.0679,0.3367
0.4346,1.0000,0.2951,-0.0564,0.1108,0.0714,0.0501,0.1226
0.2240,0.2951,1.0000,0.0283,0.0435,0.0277,-0.0360,0.3565
-0.1630,-0.0564,0.0283,1.0000,-0.1539,0.5211,0.1490,-0.0703
0.2633,0.1108,0.0435,-0.1539,1.0000,-0.1683,0.1850,0.1648
-0.1930,0.0714,0.0277,0.5211,-0.1683,1.0000,0.3351,-0.2359
-0.0679,0.0501,-0.0360,0.1490,0.1850,0.3351,1.0000,0.2385
0.3367,0.1226,0.3565,-0.0703,0.1648,-0.2359,0.2385,1.0000
